Model Accuracy
-------------------------
97.91%

Confusion Matrix
[[3000    0    0    0    0]
 [  11 2945    6    7   31]
 [  11   25 2955    3    6]
 [   0   44   39 2916    1]
 [ 120    7    3    0 2870]]

              precision    recall  f1-score   support

           0       0.95      1.00      0.98      3000
           1       0.97      0.98      0.98      3000
           2       0.98      0.98      0.98      3000
           3       1.00      0.97      0.98      3000
           4       0.99      0.96      0.97      3000

    accuracy                           0.98     15000
   macro avg       0.98      0.98      0.98     15000
weighted avg       0.98      0.98      0.98     15000
